#PATH-POINTS-START Path
-112.904,-139.114,120,0
-111.026,-139.801,120
-109.148,-140.488,120
-107.269,-141.175,120
-105.391,-141.863,120
-103.513,-142.55,120
-101.635,-143.237,120
-99.756,-143.924,120
-97.878,-144.611,120
-96,-145.298,120
-94.122,-145.986,120
-92.243,-146.673,120
-90.365,-147.36,120
-88.487,-148.047,120
-86.609,-148.734,120
-84.73,-149.421,120
-82.852,-150.108,120
-80.974,-150.796,120
-79.096,-151.483,120
-77.217,-152.17,120
-75.339,-152.857,120
-73.461,-153.544,120
-71.583,-154.231,120
-69.704,-154.919,120
-67.826,-155.606,120
-65.948,-156.293,120,0
-65.831,-154.312,120
-65.908,-152.314,120
-66.162,-150.331,120
-66.581,-148.376,120
-67.147,-146.458,120
-67.845,-144.584,120
-68.654,-142.756,120
-69.559,-140.972,120
-70.545,-139.232,120
-71.597,-137.531,120
-72.705,-135.866,120
-73.858,-134.232,120
-75.047,-132.624,120
-76.264,-131.038,120
-77.503,-129.467,120
-78.755,-127.908,120
-80.014,-126.354,120
-81.275,-124.801,120
-82.528,-123.243,120
-83.768,-121.673,120
-84.985,-120.086,120
-86.168,-118.474,120
-87.306,-116.829,120
-88.382,-115.144,120
-89.377,-113.409,120
-90.219,-111.598,120,0
-90.469,-109.623,120
-90.259,-107.637,120
-89.791,-105.693,120
-89.166,-103.794,120
-88.429,-101.935,120
-87.614,-100.109,120
-86.74,-98.31,120
-85.819,-96.535,120
-84.859,-94.78,120
-83.866,-93.044,120
-82.846,-91.324,120
-81.803,-89.618,120
-80.738,-87.925,120
-79.656,-86.242,120
-78.557,-84.572,120
-77.444,-82.91,120
-76.318,-81.257,120
-75.179,-79.613,120
-74.03,-77.976,120
-72.87,-76.346,120
-71.702,-74.723,120
-70.524,-73.107,120
-69.339,-71.496,120
-68.146,-69.891,120
-66.946,-68.291,120
-65.739,-66.696,120
-64.526,-65.106,120
-63.307,-63.52,120
-62.082,-61.939,120
-60.852,-60.362,120
-59.617,-58.789,120
-58.377,-57.22,120
-57.132,-55.654,120
-55.883,-54.092,120
-54.629,-52.534,120
-53.372,-50.979,120
-52.11,-49.427,120
-50.845,-47.878,120
-49.576,-46.332,120
-48.303,-44.79,120
-47.027,-43.25,120
-45.747,-41.713,120
-44.465,-40.178,120
-43.179,-38.646,120
-41.889,-37.117,120
-40.597,-35.591,120
-39.302,-34.067,120
-38.004,-32.545,120
-36.703,-31.026,120
-35.399,-29.51,120
-34.092,-27.996,120
-32.783,-26.484,120
-31.471,-24.974,120
-30.156,-23.467,120
-28.838,-21.963,120
-27.518,-20.46,120
-26.196,-18.96,120
-24.87,-17.463,120
-23.542,-15.967,120
-22.211,-14.474,120
-20.877,-12.984,120
-19.541,-11.496,120
-18.202,-10.011,120
-16.859,-8.528,120
-15.514,-7.048,120
-14.165,-5.571,120
-12.67,-3.941,120,0
-12.67,-3.941,0,0
#PATH-POINTS-START Path
-12.67,-3.368,120,0
-13.796,-5.02,120
-14.923,-6.673,120
-16.05,-8.325,120
-17.177,-9.977,120
-18.304,-11.629,120
-19.431,-13.282,120
-20.558,-14.934,120
-21.685,-16.586,120
-22.811,-18.239,120
-23.938,-19.891,120
-25.065,-21.543,120
-26.192,-23.196,120
-27.319,-24.848,120
-28.446,-26.5,120
-29.573,-28.153,120
-30.7,-29.805,120
-31.826,-31.457,120
-32.953,-33.11,120
-34.08,-34.762,120
-35.207,-36.414,120
-36.334,-38.067,120
-37.461,-39.719,120
-38.588,-41.371,120
-39.715,-43.024,120
-40.841,-44.676,120
-41.968,-46.328,120
-43.095,-47.981,120
-44.222,-49.633,120
-45.349,-51.285,120
-46.476,-52.937,120
-47.603,-54.59,120
-48.729,-56.242,120
-49.856,-57.894,120
-50.983,-59.547,120
-52.11,-61.199,120
-53.237,-62.851,120
-54.364,-64.504,120
-55.491,-66.156,120
-56.618,-67.808,120
-57.744,-69.461,120
-58.871,-71.113,120
-59.998,-72.765,120
-61.125,-74.418,120
-62.252,-76.07,120
-63.379,-77.722,120
-64.506,-79.375,120
-65.633,-81.027,120
-66.759,-82.679,120
-67.886,-84.332,120
-69.013,-85.984,120
-70.14,-87.636,120
-71.267,-89.289,120
-72.394,-90.941,120
-73.521,-92.593,120
-74.647,-94.246,120
-75.774,-95.898,120
-76.901,-97.55,120
-78.028,-99.202,120
-79.155,-100.855,120
-80.282,-102.507,120
-81.409,-104.159,120
-82.536,-105.812,120
-83.662,-107.464,120
-84.789,-109.116,120
-85.916,-110.769,120
-87.043,-112.421,120
-88.17,-114.073,120
-89.297,-115.726,120
-90.424,-117.378,120
-91.551,-119.03,120
-92.677,-120.683,120
-93.804,-122.335,120
-94.931,-123.987,120
-96.058,-125.64,120
-97.185,-127.292,120
-98.312,-128.944,120
-99.439,-130.597,120
-100.565,-132.249,120
-101.692,-133.901,120
-102.819,-135.554,120
-103.946,-137.206,120
-105.073,-138.858,120
-106.2,-140.51,120
-107.327,-142.163,120
-108.454,-143.815,120
-109.58,-145.467,120
-110.707,-147.12,120
-111.834,-148.772,120
-112.961,-150.424,120
-114.088,-152.077,120,0
-113.581,-152.716,120
-111.599,-152.445,120
-109.617,-152.179,120
-107.634,-151.919,120
-105.65,-151.666,120
-103.665,-151.42,120
-101.679,-151.182,120
-99.693,-150.953,120
-97.705,-150.732,120
-95.716,-150.522,120
-93.726,-150.323,120
-91.734,-150.137,120
-89.742,-149.963,120
-87.748,-149.804,120
-85.753,-149.661,120
-83.757,-149.534,120
-81.76,-149.426,120
-79.763,-149.335,120
-77.764,-149.264,120
-75.764,-149.212,120
-73.765,-149.179,120
-71.765,-149.164,120
-69.765,-149.166,120
-67.765,-149.183,120
-65.765,-149.212,120
-63.765,-149.251,120
-61.766,-149.297,120
-59.767,-149.349,120
-57.767,-149.403,120
-55.768,-149.457,120
-53.769,-149.51,120
-51.77,-149.561,120
-49.77,-149.608,120
-47.771,-149.651,120
-45.771,-149.688,120
-43.771,-149.721,120
-41.771,-149.748,120
-39.771,-149.769,120
-37.771,-149.784,120
-35.772,-149.794,120
-33.772,-149.798,120
-31.772,-149.796,120
-29.772,-149.789,120
-27.772,-149.777,120
-25.772,-149.759,120
-23.772,-149.737,120
-21.772,-149.71,120
-19.772,-149.678,120
-17.773,-149.641,120
-15.773,-149.601,120
-13.773,-149.556,120
-11.774,-149.507,120
-8.66,-149.424,120,0
-8.66,-149.424,0,0
#PATH.JERRYIO-DATA {"appVersion":"0.7.0","format":"path.jerryio v0.1.x (cm, rpm)","gc":{"robotWidth":30,"robotHeight":30,"robotIsHolonomic":false,"showRobot":false,"uol":1,"pointDensity":2,"controlMagnetDistance":5,"fieldImage":{"displayName":"V5RC 2024 - Over Under","signature":"VRC 2024 - Over Under","origin":{"__type":"built-in"}}},"paths":[{"segments":[{"controls":[{"uid":"imivTDchRN","x":-112.90401092760462,"y":-139.1138706072271,"lock":false,"visible":true,"heading":0,"__type":"end-point"},{"uid":"hgWbhZKO5r","x":-65.93704209611325,"y":-156.296907984602,"lock":false,"visible":true,"heading":0,"__type":"end-point"}],"speedProfiles":[],"lookaheadKeyframes":[],"uid":"0Aa0iVbUwh"},{"controls":[{"uid":"hgWbhZKO5r","x":-65.93704209611325,"y":-156.296907984602,"lock":false,"visible":true,"heading":0,"__type":"end-point"},{"uid":"fhBLYEd4Zs","x":-64.21873835837575,"y":-139.1138706072271,"lock":false,"visible":true,"__type":"control"},{"uid":"RkepiYmq2B","x":-83.69284738606731,"y":-125.36744070532716,"lock":false,"visible":true,"__type":"control"},{"uid":"bJ0OMDbkr3","x":-89.9932944244381,"y":-112.19377871600645,"lock":false,"visible":true,"heading":0,"__type":"end-point"}],"speedProfiles":[],"lookaheadKeyframes":[],"uid":"7fwPn15JKt"},{"controls":[{"uid":"bJ0OMDbkr3","x":-89.9932944244381,"y":-112.19377871600645,"lock":false,"visible":true,"heading":0,"__type":"end-point"},{"uid":"pF3hjjMJrO","x":-96.2937414628089,"y":-99.02011672668574,"lock":false,"visible":true,"__type":"control"},{"uid":"Sv15UwQyZk","x":-39.016950204892595,"y":-32.57903886750278,"lock":false,"visible":true,"__type":"control"},{"uid":"lZVvCiXYkJ","x":-12.66962622625109,"y":-3.9406432385446393,"lock":false,"visible":true,"heading":0,"__type":"end-point"}],"speedProfiles":[],"lookaheadKeyframes":[],"uid":"3pBOdvRw8q"}],"pc":{"speedLimit":{"minLimit":{"value":0,"label":"0"},"maxLimit":{"value":600,"label":"600"},"step":1,"from":40,"to":120},"bentRateApplicableRange":{"minLimit":{"value":0,"label":"0"},"maxLimit":{"value":1,"label":"1"},"step":0.001,"from":0,"to":0.1}},"name":"Path","uid":"7JNnwts8GP","lock":false,"visible":true},{"segments":[{"controls":[{"uid":"hoOzbyx42k","x":-12.66962622625109,"y":-3.367875325965476,"lock":false,"visible":true,"heading":0,"__type":"end-point"},{"uid":"kl0ThOotOz","x":-114.62231466534212,"y":-152.86030050912703,"lock":false,"visible":true,"heading":0,"__type":"end-point"}],"speedProfiles":[],"lookaheadKeyframes":[],"uid":"99rJfN32p5"},{"controls":[{"uid":"kl0ThOotOz","x":-114.62231466534212,"y":-152.86030050912703,"lock":false,"visible":true,"heading":0,"__type":"end-point"},{"uid":"lB02dn3PYI","x":-65.36427418353409,"y":-145.98708555817709,"lock":false,"visible":true,"__type":"control"},{"uid":"V4cn5ZqUWi","x":-69.37364957158823,"y":-151.14199677138953,"lock":false,"visible":true,"__type":"control"},{"uid":"CKFNgQGqbb","x":-8.660250838196948,"y":-149.42369303365206,"lock":false,"visible":true,"heading":0,"__type":"end-point"}],"speedProfiles":[],"lookaheadKeyframes":[],"uid":"MnAOysIUq6"}],"pc":{"speedLimit":{"minLimit":{"value":0,"label":"0"},"maxLimit":{"value":600,"label":"600"},"step":1,"from":40,"to":120},"bentRateApplicableRange":{"minLimit":{"value":0,"label":"0"},"maxLimit":{"value":1,"label":"1"},"step":0.001,"from":0,"to":0.1}},"name":"Path","uid":"PQAff4qU2U","lock":false,"visible":true}]}